SM:2023-12-19T12:39:04.9034699Z
LM:2023-12-19T12:39:09.2818259Z
CT:image/jpeg
MA:2592000
CL:412650
