SM:2023-12-19T12:39:04.9196515Z
LM:2023-12-19T12:45:48.1260779Z
CT:image/jpeg
MA:2592000
CL:40636
