SM:2023-12-19T12:39:04.9196515Z
LM:2023-12-19T12:46:55.5763791Z
CT:image/jpeg
MA:2592000
CL:1043766
