SM:2023-12-19T12:39:04.9034699Z
LM:2023-12-19T12:45:48.1067018Z
CT:image/jpeg
MA:2592000
CL:19609
