SM:2023-12-19T12:39:04.8864469Z
LM:2023-12-19T12:45:47.9382893Z
CT:image/jpeg
MA:2592000
CL:56859
